7239736
3797445
2182449
1236106
5547149
5241223
6396129
4172718
4111450
21078208
8184877
2250415
2105537
8874063
4952178
2567267
2494441
2417161
2127272
583831
365670
8352076
2340468
449854
9926748
4400264
3933678
817827
100163
12616976
12573696
3177086
2734822
1140402
371758
103478
19868
20691531
19143848
13339158
6207423
4699895
3697826
2928073
801836
613034
10919112
1355116
1025545
64683
22908
3124263
1186203
18092
8517540
7692111
4528885
10814483
6410270
4593790
4025529
1650374
724394
688379
16083288
11825582
1945766
1833659
528336
176565
69147
8652
25256062
16410098
4044654
2238646
3708518
1544638
1151664
892903
673288
125962
2593705
26969
9127
12485274
6885970
3532453
1385209
802852
338757
17689255
11531259
5141243
4042088
2500437
19973
12954836
2302616
11074355
10761031
5140374
2890338
13531350
7197122
2612562
2594315
7458378
5759312
1993513
13267458
9761433
5317394
3968067
9735211
8319783
1993134
12899644
845929
9699403
6470738
3518780
1093565
472028
3197033
5416797
3918278
2446598
2406526
11313259
23233123
4317396
228800
13648993
8656480
2386213
713528
188104
5768934
9124724
6617840
8196034
1929878
135020
15078
5072508
1325547
4919595
2612174
388002
884875
648979
393097
9254772
9643223
8873931
6488682
12971347
11744047
17239391
6244066
54139
4853279
13581967
157271
14135084
19716750
15163629
4436716
11257291
808603
115704
12314655
8392392
7334407
4305734
3245084
3121317
2602655
974572
707244
661810
45560
14914062
1587018
485592
708080
695699
37322
12360321
11341360
186815
6943708
6078079
2076936
2240150
9740731
2176582
861132
3473695
752840
2619790
7107788
175864
3471252
7884052
229352
3956821
5980266
8383008
2383490
16330639
8479415
700625
9401031
7503652
7090736
4538264
4050737
3391291
2098719
5443840
1691631
6608268
5646295
4455357
4269572
3507257
2972157
11653260
10782921
8912993
8324645
7677817
6352796
6120367
5847180
5164541
5121638
4299246
4264084
3780204
3765168
3759579
3524724
3372392
3114943
2899740
2535450
2406879
1909820
1850166
1661530
1266106
977401
881285
862159
758063
696076
395998
276686
124520
17840330
8717166
8013874
7182287
3908432
3721459
3139405
1825953
880888
837672
9406765
6857053
6346508
5758000
4669501
3779232
2964874
2885370
2227346
1494238
1162469
851403
12184362
10600729
7787330
912742
14318653
13517093
8232511
4016729
1016798
34497
13663768
11206803
7671411
5604465
5373366
5179530
4640795
2645351
2473210
8426116
5682317
2113706
1992474
1235871
9913930
8216358
6358033
5550422
3827360
1440193
1164074
978005
436111
8338267
6655512
5363850
4521965
3515061
2016887
1427819
1297504
105080
7294472
5949628
5449102
4919186
3976313
3652138
3538158
3181798
1687642
1237679
1179470
1051783
928707
260013
16120856
6900258
5409293
5209269
4239059
2826229
2327166
1191306
912492
864764
790757
675135
669836
444432
10694834
8223100
4857445
4452862
3563291
2204238
2107732
2047726
1419796
72768
5794414
4320514
3555470
3185938
2680313
1992874
1699148
1636728
790847
63911
4525
15943368
9786736
9737714
9600603
6910076
6869953
6634151
4726063
365979
19368654
7049425
4015333
2482145
342145
75675
13054200
6235763
5817977
5554137
5390782
4959294
4216016
2531020
2517666
965158
669737
5238191
5172899
5153322
4736589
2062361
711361
298086
166503
15569446
6918202
6619745
6482311
6398596
6115998
5247823
4782457
4416388
3890435
3882467
3797999
2282741
2177698
1858862
12942761
8957655
8386481
8339571
8207477
7819901
2772883
2288984
1746857
1499417
1078971
739732
7477756
2734937
2608430
2519356
2502104
2387064
2042175
1139455
914626
453644
10081002
5517743
3406249
3206564
3060431
2398859
2237584
542947
79243
13312503
8862014
8252038
8251458
6390392
3771439
3538744
431197
1730485
1686623
1205456
866944
10105387
9534067
5586462
1571988
932238
575711
362404
6071238
4394771
2543155
2167726
792760
323097
300764
15536609
6266288
5014623
4897779
4434392
3440769
3098318
1481439
1252064
8376605
8355024
5951550
4660684
1515135
154476
9416250
8136678
3515664
2359186
2162398
1148271
758201
7013103
6308642
6096201
5666386
4501118
3189745
1502427
351037
11032244
4153558
1996674
1689777
22217693
13155244
7254764
5057152
762437
61570
9099712
6240286
5601874
2437082
923827
713319
16359511
7700389
6537954
6015583
5756897
4736222
2096608
778204
6460121
5167506
4073217
210115
4086162
3678993
3067098
5951169
2437845
1241646
1174816
895516
660844
785264
8157359
2922560
11320208
6640708
5298715
5165795
1844157
806399
153247
6847713
6257134
3723726
3503699
2749454
1091567
775446
61942
13035587
2357424
170214
9738615
8132386
4319410
322762
93404
16695899
4669806
3311503
1949280
1593182
1140634
550600
9028010
8160983
6438792
27175675
27051530
26972019
26934966
26890132
26882649
26866739
26793761
26779285
26767758
26699912
26685507
26554047
26542248
26456943
26447017
26386314
26127246
25976171
25801346
25737867
25690043
25603486
25545854
25485312
25476983
25427217
25330654
25207420
25141190
25086011
25003565
24792298
24620117
24500457
24498836
24492706
24437135
24398151
24307096
24265871
24252902
24241634
24151877
24012664
24004470
