6244066
4853279
13581967
157271
14135084
19716750
15163629
4436716
7239736
3797445
2182449
5547149
5241223
6396129
4172718
4111450
21078208
8184877
2250415
2105537
8874063
4952178
2567267
2494441
2417161
2127272
583831
365670
8352076
2340468
449854
9926748
4400264
3933678
817827
100163
12616976
12573696
3177086
2734822
1140402
371758
103478
20691531
19143848
13339158
6207423
4699895
3697826
2928073
801836
613034
10919112
1355116
1025545
3124263
1186203
8517540
7692111
4528885
10814483
6410270
4593790
4025529
1650374
724394
688379
16083288
11825582
1945766
1833659
528336
176565
25256062
16410098
4044654
2238646
3708518
1544638
1151664
892903
673288
125962
2593705
12485274
6885970
3532453
1385209
802852
338757
17689255
11531259
5141243
4042088
2500437
12954836
2302616
11074355
10761031
5140374
2890338
13531350
7197122
2612562
2594315
7458378
5759312
1993513
13267458
9761433
5317394
3968067
9735211
8319783
1993134
12899644
845929
9699403
6470738
3518780
1093565
472028
3197033
5416797
3918278
2446598
2406526
11313259
23233123
4317396
228800
13648993
8656480
2386213
713528
188104
5768934
9124724
6617840
8196034
1929878
135020
5072508
1325547
4919595
19868
64683
22908
18092
69147
8652
26969
9127
19973
15078
2612174
388002
884875
648979
393097
9254772
9643223
8873931
6488682
12971347
11744047
17239391
54139
11257291
1236106
808603
115704
12314655
8392392
7334407
4305734
3245084
3121317
2602655
974572
707244
661810
45560
14914062
1587018
485592
708080
695699
37322
12360321
11341360
186815
6943708
6078079
2076936
2240150
9740731
2176582
861132
3473695
752840
2619790
7107788
175864
3471252
7884052
229352
3956821
5980266
8383008
2383490
16330639
8479415
700625
9401031
7503652
7090736
4538264
4050737
3391291
2098719
5443840
1691631
6608268
5646295
4455357
4269572
3507257
2972157
11653260
10782921
8912993
8324645
7677817
6352796
6120367
5847180
5164541
5121638
4299246
4264084
3780204
3765168
3759579
3524724
3372392
3114943
2899740
2535450
2406879
1909820
1850166
1661530
1266106
977401
881285
862159
758063
696076
395998
276686
124520
17840330
8717166
8013874
7182287
3908432
3721459
3139405
1825953
880888
837672
9406765
6857053
6346508
5758000
4669501
3779232
2964874
2885370
2227346
1494238
1162469
851403
12184362
10600729
7787330
912742
14318653
13517093
8232511
4016729
1016798
34497
13663768
11206803
7671411
5604465
5373366
5179530
4640795
2645351
2473210
8426116
5682317
2113706
1992474
1235871
9913930
8216358
6358033
5550422
3827360
1440193
1164074
978005
436111
8338267
6655512
5363850
4521965
3515061
2016887
1427819
1297504
105080
7294472
5949628
5449102
4919186
3976313
3652138
3538158
3181798
1687642
1237679
1179470
1051783
928707
260013
16120856
6900258
5409293
5209269
4239059
2826229
2327166
1191306
912492
864764
790757
675135
669836
444432
10694834
8223100
4857445
4452862
3563291
2204238
2107732
2047726
1419796
72768
5794414
4320514
3555470
3185938
2680313
1992874
1699148
1636728
790847
63911
4525
15943368
9786736
9737714
9600603
6910076
6869953
6634151
4726063
365979
19368654
7049425
4015333
2482145
342145
75675
13054200
6235763
5817977
5554137
5390782
4959294
4216016
2531020
2517666
965158
669737
5238191
5172899
5153322
4736589
2062361
711361
298086
166503
15569446
6918202
6619745
6482311
6398596
6115998
5247823
4782457
4416388
3890435
3882467
3797999
2282741
2177698
1858862
12942761
8957655
8386481
8339571
8207477
7819901
2772883
2288984
1746857
1499417
1078971
739732
7477756
2734937
2608430
2519356
2502104
2387064
2042175
1139455
914626
453644
10081002
5517743
3406249
3206564
3060431
2398859
2237584
79243
13312503
8862014
575711
362404
6071238
4394771
2543155
2167726
542947
8252038
8251458
6390392
3771439
3538744
431197
1730485
1686623
1205456
866944
10105387
9534067
5586462
1571988
932238
792760
323097
300764
15536609
6266288
5014623
4897779
4434392
3440769
3098318
1481439
1252064
8376605
8355024
5951550
4660684
1515135
154476
9416250
8136678
3515664
2359186
2162398
1148271
758201
7013103
6308642
6096201
5666386
4501118
3189745
1502427
351037
11032244
4153558
1996674
1689777
22217693
13155244
7254764
5057152
762437
61570
9099712
6240286
5601874
2437082
923827
713319
16359511
7700389
6537954
6015583
5756897
4736222
2096608
778204
6460121
5167506
4073217
210115
4086162
3678993
3067098
5951169
2437845
1241646
1174816
895516
660844
785264
8157359
2922560
11320208
6640708
5298715
5165795
1844157
806399
153247
6847713
6257134
3723726
3503699
2749454
1091567
775446
61942
13035587
2357424
170214
9738615
8132386
4319410
322762
93404
16695899
4669806
3311503
1949280
1593182
1140634
550600
9028010
8160983
6438792
27175675
27051530
26972019
26934966
26890132
26882649
26866739
26793761
26779285
26767758
26699912
26685507
26554047
26542248
26456943
26447017
26386314
26127246
25976171
25801346
25737867
25690043
25603486
25545854
25485312
25476983
25427217
25330654
25207420
25141190
25086011
25003565
24792298
24620117
24500457
24498836
24492706
24437135
24398151
24307096
24265871
24252902
24241634
24151877
24012664
24004470
23903249
23889367
23844402
23344920
23262451
23212898
23192493
23089985
22939234
22926893
22860808
22854849
22828878
22776529
22745577
22671298
22671121
22650993
22631776
22585658
22560763
22538852
22442259
22419082
22417449
22409356
22324128
22247876
22214683
22062708
22049145
21907748
21866889
21850775
21712976
21706180
21703401
21674672
21668197
21644633
21621812
21618738
21606172
21589114
21548675
21500251
21464142
21432169
21402864
21375293
21335224
21314344
21304806
21298278
21189945
21150887
21149557
21132063
21061948
21026860
21003491
20943853
20938707
20915314
20889692
20885743
20825318
20813569
20724959
20694358
20689236
20665893
20638340
20564285
20511298
20433718
20424552
20421740
20419562
20395660
20337845
20337060
20286055
20248380
20225104
20220640
20194058
20173533
20090609
20022618
19953383
19903445
19902384
19881808
19852322
19832720
19825306
19821630
19804435
19778750
19768814
19760600
19650812
19619096
19588241
19583562
19550308
19484846
19471024
19450597
19322912
19316068
19288638
19232676
19218775
19183471
19171754
19095997
19064903
19040121
18905367
18904418
18877096
18864200
18846562
18835022
18828274
18826776
18778784
18700379
18685150
18681307
18680487
18679861
18648228
18629028
18608379
18580445
18556930
18543579
18531894
18530433
18521422
18506321
18503047
18466837
18439214
18403594
18400754
18326434
18293314
18258466
18182369
18148795
18144168
18064541
18028198
18021228
17975666
17969362
17969308
17969136
17945236
17943199
17938096
17927891
17895096
17891560
17867835
17810604
17775077
17771411
17750950
17744554
17683902
17672655
17668808
17665121
17620553
17611841
17605392
17586250
17585152
17572089
17562137
17558171
17554995
17553707
17547183
17543065
17530811
17521759
17513364
17454827
17423238
17360162
17353090
17350635
17340266
17335757
17326539
17311207
17296664
17282403
17279703
17260691
17251218
17232108
17230325
17217043
17183886
17161061
17125528
17086729
17077632
17070130
17062864
17057299
17054077
17045465
17021622
16955148
16950853
16928642
16920332
16897159
16893349
16863429
16855365
16827379
16826502
16826293
16815696
16793320
16790674
16790158
16758093
16755639
16715615
16703094
16703077
16697467
16671111
16661188
16620081
16608337
16596023
16593350
16590881
16587939
16550284
16545499
16535088
16528373
16527455
16443190
16426024
16411623
16403798
16388555
16383495
16378477
16376080
16361060
16348821
16281386
16269656
16260986
16227158
16224511
16220205
16202094
16090991
16078655
16063771
16061624
16061301
15979313
15978228
15957789
15953418
15942327
15909557
15838901
15834333
15817504
15809630
15808748
15796153
15768747
15722285
15720681
15693663
15692802
15686133
15649877
15606912
15592704
15550608
15549768
15549263
15545999
15534449
15452040
15444458
15398294
15388413
15341736
15334996
15330722
15321278
15646334
15314981
15263688
15258300
15224093
15221385
15208721
15194393
15151567
15150560
15148664
15145300
15144936
15124552
15119031
15111274
15085875
15043357
15030643
15009456
14971808
14958715
14956316
14924849
14924744
14898579
14852654
14848076
14818474
14817028
14686016
14676001
14664358
14651019
14640982
14565450
14562310
14518186
14476622
14454549
14384622
14347666
14335037
14307852
14291210
14285875
14206771
14190649
14177933
14167529
14150838
14149003
14111906
14073363
14059111
13994860
13993747
13975474
13969518
13943600
13905242
13899559
13828340
